#		current ival			temporary average
# npts    ge	  gi	  se	  si	  ge	  gi	  se	  si

9489	0.02217	0.04723	0.00085	0.00954	0.02217	0.04723	0.00085	0.00954	
7495	0.02303	0.04637	0.00086	0.01014	0.02260	0.04680	0.00085	0.00984	
7828	0.02185	0.04755	0.00087	0.00967	0.02235	0.04705	0.00086	0.00978	
4339	0.02514	0.04426	0.00087	0.00824	0.02305	0.04635	0.00086	0.00940	
8375	0.02158	0.04782	0.00088	0.00903	0.02276	0.04664	0.00087	0.00932	
6066	0.02428	0.04512	0.00086	0.00840	0.02301	0.04639	0.00087	0.00917	
4906	0.02056	0.04884	0.00089	0.01120	0.02266	0.04674	0.00087	0.00946	
6964	0.02273	0.04667	0.00078	0.01061	0.02267	0.04673	0.00086	0.00960	
8742	0.02300	0.04640	0.00088	0.00867	0.02270	0.04670	0.00086	0.00950	
